100.000000	
100.016701	
100.033997	
100.051003	
100.068001	
100.084999	
100.102097	
100.119102	
100.136101	
100.153198	
100.170197	
100.187202	
100.204300	
100.221298	
100.238297	
100.255402	
100.272400	
100.289398	
100.306503	
100.323502	
100.340500	
100.357597	
100.374603	
100.391602	
100.408699	
100.425697	
100.442703	
100.459801	
100.476799	
100.493797	
100.510902	
100.527901	
100.544899	
100.561996	
100.579002	
100.596001	
100.613098	
100.630096	
100.647102	
100.664200	
100.681198	
100.698196	
100.715302	
100.732300	
100.749298	
100.766403	
100.783401	
100.800400	
100.817497	
100.834503	
100.851501	
100.868599	
100.885597	
100.902603	
100.919701	
100.936699	
100.953697	
100.970802	
100.987801	
101.004799	
101.021896	
101.038902	
101.055901	
101.072998	
101.089996	
101.107002	
101.124100	
101.141098	
101.158096	
101.175201	
101.192200	
101.209198	
101.226303	
101.243301	
101.260300	
101.277397	
101.294403	
101.311401	
101.328499	
101.345497	
101.362503	
101.379601	
101.396599	
101.413597	
101.430702	
101.447701	
101.464699	
101.481796	
101.498802	
101.515800	
101.532898	
101.549896	
101.566902	
101.584000	
101.600998	
101.617996	
101.635101	
101.652100	
101.669098	
101.686203	
101.711197	
101.736198	
101.786201	
101.886200	
102.186203	
102.686203	
103.686203	
106.686203	
111.686203	
121.686203	
151.686203	
201.686203	
